180
46 65 10 56 58 19 69 49 35 14 39 59 32 18 54 4 45 25 9 55 22 72 50 64 29 40 12 68 31 15 61 34 26 8 41 21 1 71 51 44 30 5 36 11 37 67 48 6 62 60 27 7 42 24 2 52 43 66 57 33 38 20 70 3 47 13 28 16 63 23 17 53
46 118
46 117
46 116
46 120
46 115
46 119
65 137
65 136
65 133
65 134
65 138
65 135
10 82
10 81
10 84
10 80
10 83
10 79
56 128
56 130
56 131
56 127
56 132
56 129
58 128
58 130
58 131
58 127
58 132
58 129
19 91
19 94
19 93
19 96
19 92
19 95
69 141
69 144
69 140
69 143
69 139
69 142
49 121
49 126
49 122
49 123
49 124
49 125
35 107
35 104
35 103
35 106
35 108
35 105
14 86
14 90
14 87
14 85
14 88
14 89
39 111
39 112
39 113
39 109
39 114
39 110
59 128
59 130
59 131
59 127
59 132
59 129
32 107
32 104
32 103
32 106
32 108
32 105
18 86
18 90
18 87
18 85
18 88
18 89
54 121
54 126
54 122
54 123
54 124
54 125
4 76
4 73
4 77
4 78
4 74
4 75
45 118
45 117
45 116
45 120
45 115
45 119
25 97
25 101
25 98
25 102
25 99
25 100
9 82
9 81
9 84
9 80
9 83
9 79
55 128
55 130
55 131
55 127
55 132
55 129
22 91
22 94
22 93
22 96
22 92
22 95
72 141
72 144
72 140
72 143
72 139
72 142
50 121
50 126
50 122
50 123
50 124
50 125
64 137
64 136
64 133
64 134
64 138
64 135
29 97
29 101
29 98
29 102
29 99
29 100
40 111
40 112
40 113
40 109
40 114
40 110
12 82
12 81
12 84
12 80
12 83
12 79
68 141
68 144
68 140
68 143
68 139
68 142
31 107
31 104
31 103
31 106
31 108
31 105
15 86
15 90
15 87
15 85
15 88
15 89
61 137
61 136
61 133
61 134
61 138
61 135
34 107
34 104
34 103
34 106
34 108
34 105
26 97
26 101
26 98
26 102
26 99
26 100
8 82
8 81
8 84
8 80
8 83
8 79
41 111
41 112
41 113
41 109
41 114
41 110
21 91
21 94
21 93
21 96
21 92
21 95
1 76
1 73
1 77
1 78
1 74
1 75
71 141
71 144
71 140
71 143
71 139
71 142
51 121
51 126
51 122
51 123
51 124
51 125
44 118
44 117
44 116
44 120
44 115
44 119
30 97
30 101
30 98
30 102
30 99
30 100
5 76
5 73
5 77
5 78
5 74
5 75
36 107
36 104
36 103
36 106
36 108
36 105
11 82
11 81
11 84
11 80
11 83
11 79
37 111
37 112
37 113
37 109
37 114
37 110
67 141
67 144
67 140
67 143
67 139
67 142
48 118
48 117
48 116
48 120
48 115
48 119
6 76
6 73
6 77
6 78
6 74
6 75
62 137
62 136
62 133
62 134
62 138
62 135
60 128
60 130
60 131
60 127
60 132
60 129
27 97
27 101
27 98
27 102
27 99
27 100
7 82
7 81
7 84
7 80
7 83
7 79
42 111
42 112
42 113
42 109
42 114
42 110
24 91
24 94
24 93
24 96
24 92
24 95
2 76
2 73
2 77
2 78
2 74
2 75
52 121
52 126
52 122
52 123
52 124
52 125
43 118
43 117
43 116
43 120
43 115
43 119
66 137
66 136
66 133
66 134
66 138
66 135
57 128
57 130
57 131
57 127
57 132
57 129
33 107
33 104
33 103
33 106
33 108
33 105
38 111
38 112
38 113
38 109
38 114
38 110
20 91
20 94
20 93
20 96
20 92
20 95
70 141
70 144
70 140
70 143
70 139
70 142
3 76
3 73
3 77
3 78
3 74
3 75
47 118
47 117
47 116
47 120
47 115
47 119
13 86
13 90
13 87
13 85
13 88
13 89
28 97
28 101
28 98
28 102
28 99
28 100
16 86
16 90
16 87
16 85
16 88
16 89
63 137
63 136
63 133
63 134
63 138
63 135
23 91
23 94
23 93
23 96
23 92
23 95
17 86
17 90
17 87
17 85
17 88
17 89
53 121
53 126
53 122
53 123
53 124
53 125
154 76
154 82
154 88
154 94
154 100
154 106
154 112
154 118
154 124
154 130
154 136
154 142
163 73
163 79
163 85
163 91
163 97
163 103
163 109
163 115
163 121
163 127
163 133
163 139
179 77
179 83
179 89
179 95
179 101
179 107
179 113
179 119
179 125
179 131
179 137
179 143
158 74
158 80
158 86
158 92
158 98
158 104
158 110
158 116
158 122
158 128
158 134
158 140
176 74
176 80
176 86
176 92
176 98
176 104
176 110
176 116
176 122
176 128
176 134
176 140
162 78
162 84
162 90
162 96
162 102
162 108
162 114
162 120
162 126
162 132
162 138
162 144
148 76
148 82
148 88
148 94
148 100
148 106
148 112
148 118
148 124
148 130
148 136
148 142
169 73
169 79
169 85
169 91
169 97
169 103
169 109
169 115
169 121
169 127
169 133
169 139
153 75
153 81
153 87
153 93
153 99
153 105
153 111
153 117
153 123
153 129
153 135
153 141
166 76
166 82
166 88
166 94
166 100
166 106
166 112
166 118
166 124
166 130
166 136
166 142
173 77
173 83
173 89
173 95
173 101
173 107
173 113
173 119
173 125
173 131
173 137
173 143
156 78
156 84
156 90
156 96
156 102
156 108
156 114
156 120
156 126
156 132
156 138
156 144
175 73
175 79
175 85
175 91
175 97
175 103
175 109
175 115
175 121
175 127
175 133
175 139
159 75
159 81
159 87
159 93
159 99
159 105
159 111
159 117
159 123
159 129
159 135
159 141
178 76
178 82
178 88
178 94
178 100
178 106
178 112
178 118
178 124
178 130
178 136
178 142
170 74
170 80
170 86
170 92
170 98
170 104
170 110
170 116
170 122
170 128
170 134
170 140
152 74
152 80
152 86
152 92
152 98
152 104
152 110
152 116
152 122
152 128
152 134
152 140
165 75
165 81
165 87
165 93
165 99
165 105
165 111
165 117
165 123
165 129
165 135
165 141
145 73
145 79
145 85
145 91
145 97
145 103
145 109
145 115
145 121
145 127
145 133
145 139
174 78
174 84
174 90
174 96
174 102
174 108
174 114
174 120
174 126
174 132
174 138
174 144
149 77
149 83
149 89
149 95
149 101
149 107
149 113
149 119
149 125
149 131
149 137
149 143
180 78
180 84
180 90
180 96
180 102
180 108
180 114
180 120
180 126
180 132
180 138
180 144
155 77
155 83
155 89
155 95
155 101
155 107
155 113
155 119
155 125
155 131
155 137
155 143
150 78
150 84
150 90
150 96
150 102
150 108
150 114
150 120
150 126
150 132
150 138
150 144
171 75
171 81
171 87
171 93
171 99
171 105
171 111
171 117
171 123
171 129
171 135
171 141
151 73
151 79
151 85
151 91
151 97
151 103
151 109
151 115
151 121
151 127
151 133
151 139
168 78
168 84
168 90
168 96
168 102
168 108
168 114
168 120
168 126
168 132
168 138
168 144
146 74
146 80
146 86
146 92
146 98
146 104
146 110
146 116
146 122
146 128
146 134
146 140
177 75
177 81
177 87
177 93
177 99
177 105
177 111
177 117
177 123
177 129
177 135
177 141
164 74
164 80
164 86
164 92
164 98
164 104
164 110
164 116
164 122
164 128
164 134
164 140
147 75
147 81
147 87
147 93
147 99
147 105
147 111
147 117
147 123
147 129
147 135
147 141
157 73
157 79
157 85
157 91
157 97
157 103
157 109
157 115
157 121
157 127
157 133
157 139
172 76
172 82
172 88
172 94
172 100
172 106
172 112
172 118
172 124
172 130
172 136
172 142
160 76
160 82
160 88
160 94
160 100
160 106
160 112
160 118
160 124
160 130
160 136
160 142
167 77
167 83
167 89
167 95
167 101
167 107
167 113
167 119
167 125
167 131
167 137
167 143
161 77
161 83
161 89
161 95
161 101
161 107
161 113
161 119
161 125
161 131
161 137
161 143
