315

1 2
1 3
1 4
1 5
1 6
1 7
1 8
1 9
1 10
1 11
1 12
13 2
13 6
14 15
14 16
14 17
14 5
18 6
18 2
18 19
18 20
18 21
18 22
23 24
23 25
23 26
23 27
23 28
29 30
29 31
29 32
29 5
29 33
29 34
29 35
36 4
37 24
37 25
37 27
37 26
37 28
38 39
38 40
41 42
41 43
41 17
41 44
41 45
46 47
46 43
46 17
46 45
48 35
49 50
49 51
52 6
52 53
52 54
52 55
52 56
52 22
57 58
59 9
59 60
59 4
59 61
59 62
59 63
64 16
64 65
64 66
64 67
68 69
68 70
71 33
71 5
71 35
72 73
74 75
74 76
74 77
78 79
78 80
81 82
83 84
83 85
83 86
87 5
88 75
88 76
88 77
89 69
89 24
89 25
89 26
89 90
89 27
89 28
22 2
22 3
22 91
22 92
22 93
22 19
22 94
22 54
22 95
22 96
22 97
22 98
22 99
22 100
22 101
22 26
22 20
22 102
22 103
22 104
22 6
22 7
22 105
22 106
22 21
22 107
2 91
2 93
2 54
2 19
2 94
2 95
2 96
2 97
2 99
2 101
2 26
2 20
2 24
2 102
2 103
2 104
2 6
2 105
2 21
2 106
2 107
108 109
108 110
108 79
108 80
92 19
111 24
111 25
111 27
111 26
111 28
19 91
19 93
19 94
19 95
19 27
19 28
19 96
19 112
19 113
19 101
19 102
19 104
19 103
19 6
19 7
19 105
19 106
19 21
19 107
114 24
114 25
114 27
114 26
114 115
114 28
114 116
34 117
34 118
34 119
34 120
34 121
34 122
34 123
124 125
124 126
124 127
124 128
124 12
124 129
130 125
130 126
130 127
130 128
130 12
130 129
119 32
119 5
119 33
119 35
39 131
39 132
39 133
39 40
39 129
39 134
39 135
39 136
39 137
39 127
138 139
138 140
138 70
138 141
138 142
138 143
138 144
138 145
138 146
138 147
138 58
138 148
138 149
138 150
138 151
138 152
132 40
70 33
70 145
70 153
70 12
70 151
70 150
70 152
70 24
70 140
70 69
70 141
70 142
70 143
70 144
70 147
70 154
70 58
4 60
4 61
4 155
4 156
4 157
4 73
4 62
4 158
4 63
128 61
128 159
128 160
128 161
128 129
128 162
128 163
128 126
128 164
128 165
128 90
128 26
128 166
128 12
128 167
128 168
128 15
128 125
128 169
128 73
128 170
128 58
128 171
128 172
128 173
128 174
128 175
176 139
176 146
177 15
177 153
177 178
177 179
177 180
84 55
181 182
21 91
21 93
21 94
21 95
21 96
21 101
21 20
21 102
21 103
21 104
21 105
21 106
21 107
183 5
183 35
61 184
61 185
61 186
61 187
61 188
61 189
61 190
61 73
61 26
61 191
192 24
192 25
192 26
192 27
192 28
193 24
193 25
193 26
193 27
193 28
31 117
31 120
31 121
31 123
31 122
43 42
43 194
160 140
160 195
196 197
196 85
196 86
196 55
28 198
28 25
28 199
28 79
28 200
28 201
28 100
28 202
28 203
28 26
28 204
28 205
28 206
28 125
28 24
28 207
28 208
28 209
28 210
28 211
28 212
28 213
28 214
28 215
195 12
79 109
79 131
79 24
79 82
79 216
79 217
79 27
79 218
79 219
79 110
79 220
161 12
80 109
80 131
80 24
80 82
80 216
80 217
80 218
80 219
80 110
80 220
129 179
129 156
129 159
129 221
129 153
129 163
129 110
129 126
129 165
129 127
129 90
129 26
129 166
129 12
129 167
129 168
129 125
129 24
129 73
129 170
129 171
129 172
129 173
129 174
129 175
222 25
222 26
99 6
164 12
100 24
100 25
100 27
100 26
10 9
127 159
127 163
127 126
127 85
127 90
127 165
127 26
127 12
127 166
127 167
127 168
127 125
127 223
127 86
127 170
127 173
127 171
127 172
127 174
127 175
12 224
12 159
12 162
12 163
12 110
12 126
12 165
12 90
12 26
12 166
12 167
12 168
12 40
12 73
12 170
12 172
12 171
12 173
12 174
12 175
40 225
40 226
40 227
40 135
40 134
40 136
40 137
228 33
228 229
182 156
182 158
182 230
231 198
232 197
232 55
75 76
75 131
75 178
75 25
75 198
75 179
75 77
75 233
75 234
75 235
75 236
75 237
75 55
75 238
75 239
159 125
240 24
240 26
241 126
65 242
200 24
200 25
200 26
200 27
97 6
243 85
243 55
243 86
244 85
244 197
244 55
244 86
9 3
9 86
9 7
9 245
9 85
9 20
110 109
110 82
110 25
110 216
110 217
110 246
110 218
110 247
110 220
110 158
204 24
204 140
204 25
204 26
204 90
204 27
204 217
166 125
140 58
248 249
248 250
248 63
5 153
5 117
5 251
5 118
5 252
5 253
5 254
5 58
5 148
5 179
5 120
5 255
5 121
5 256
5 257
5 258
5 33
5 259
5 116
5 122
260 15
260 153
260 178
260 179
260 180
238 76
238 77
258 33
258 77
258 35
258 229
131 226
131 198
131 77
261 157
261 262
96 6
96 20
190 73
190 263
98 6
98 24
126 125
126 264
126 170
126 173
126 175
202 25
202 26
202 27
265 85
265 55
265 86
90 125
90 26
167 125
168 125
266 85
266 197
266 86
266 55
50 267
141 58
66 268
66 267
269 15
269 270
35 117
35 251
35 271
35 178
35 254
35 256
35 270
35 121
35 255
35 122
35 252
35 253
35 118
35 120
35 259
35 148
35 17
35 257
35 229
229 251
229 148
229 272
229 33
76 226
76 273
76 77
76 153
76 109
76 233
76 197
76 236
76 235
76 234
76 237
76 239
225 223
225 77
60 62
226 223
226 198
226 77
274 24
274 26
101 20
165 125
20 91
20 25
20 93
20 94
20 95
20 102
20 104
20 103
20 275
20 6
20 105
20 106
20 107
205 24
205 25
205 26
205 27
206 24
206 25
206 26
206 27
276 277
276 224
276 179
278 15
278 153
278 178
278 179
143 58
277 179
277 224
58 139
58 25
58 145
58 150
58 151
58 152
58 15
58 69
58 142
58 144
58 147
58 146
148 251
148 279
148 280
148 33
281 51
281 282
257 33
251 272
251 116
279 15
279 153
279 178
279 179
198 27
198 33
198 77
254 283
254 33
246 109
284 85
284 197
284 55
284 86
26 285
26 3
26 209
26 212
26 213
26 25
26 199
26 27
26 115
26 109
26 24
26 102
26 207
26 208
26 6
26 210
26 211
26 171
26 215
26 214
194 242
286 85
286 197
286 55
286 86
154 201
154 139
154 287
154 146
154 288
239 77
156 289
156 158
30 117
30 118
30 120
30 121
30 123
30 122
220 109
220 216
220 25
290 85
290 197
290 55
290 86
109 82
109 216
109 217
109 218
109 291
109 219
109 292
293 85
293 197
293 55
293 86
24 209
24 213
24 212
24 25
24 199
24 27
24 207
24 6
24 208
24 210
24 211
24 215
24 214
118 32
118 33
56 54
6 93
6 94
6 95
6 102
6 104
6 103
6 105
6 106
6 107
16 268
16 294
211 25
211 27
158 289
139 287
139 201
139 25
139 288
295 153
295 296
295 297
298 15
298 153
298 178
298 179
256 33
85 299
85 77
85 300
85 301
85 302
85 303
85 55
122 32
122 33
267 282
302 197
302 55
302 86
223 169
223 304
223 264
223 305
223 306
184 73
120 32
120 33
169 307
169 264
169 77
169 305
189 73
146 287
146 201
146 25
146 288
294 308
170 125
45 153
47 153
47 297
271 309
309 33
27 25
27 199
27 201
27 125
27 207
27 208
27 209
27 210
27 212
27 213
27 214
27 215
180 15
180 153
180 178
180 179
307 304
33 117
33 255
33 121
33 123
33 253
33 252
33 259
33 7
77 224
77 233
77 234
77 235
77 86
77 237
121 32
123 32
300 197
300 55
300 86
250 197
250 63
207 25
249 55
178 15
178 179
178 297
178 153
51 42
301 197
301 86
301 55
301 104
63 310
63 311
191 73
310 311
310 197
197 299
197 3
197 54
197 303
197 262
197 55
86 299
86 54
86 303
86 55
213 25
179 15
179 224
179 306
153 312
153 313
153 297
153 306
153 15
153 17
314 3
303 55
188 73
208 25
32 117
171 125
288 201
288 147
308 268
268 42
42 296
42 315
285 25
224 306
224 270
224 15
224 297
54 53
54 55
270 306
270 297
201 287
209 25
299 55
297 306
297 312
297 313
73 186
73 187
7 55
7 11
210 25
55 262
55 11
172 125
174 125
215 25
3 11
155 134
163 125
212 25
173 125
25 199
25 115
25 214
125 175
8 11
