80
32 8 13 10 27 22 4 31 17 7 16 28 21 11 18 6 15 1 30 25 12 19 5 24 2 29 26 14 9 20 23 3 
32 64
32 63
32 62
32 61
8 40
8 39
8 38
8 37
13 45
13 48
13 47
13 46
10 42
10 43
10 44
10 41
27 59
27 60
27 57
27 58
22 54
22 53
22 56
22 55
4 36
4 33
4 34
4 35
31 64
31 63
31 62
31 61
17 49
17 50
17 51
17 52
7 40
7 39
7 38
7 37
16 45
16 48
16 47
16 46
28 59
28 60
28 57
28 58
21 54
21 53
21 56
21 55
11 42
11 43
11 44
11 41
18 49
18 50
18 51
18 52
6 40
6 39
6 38
6 37
15 45
15 48
15 47
15 46
1 36
1 33
1 34
1 35
30 64
30 63
30 62
30 61
25 59
25 60
25 57
25 58
12 42
12 43
12 44
12 41
19 49
19 50
19 51
19 52
5 40
5 39
5 38
5 37
24 54
24 53
24 56
24 55
2 36
2 33
2 34
2 35
29 64
29 63
29 62
29 61
26 59
26 60
26 57
26 58
14 45
14 48
14 47
14 46
9 42
9 43
9 44
9 41
20 49
20 50
20 51
20 52
23 54
23 53
23 56
23 55
3 36
3 33
3 34
3 35
66 34
66 38
66 42
66 46
66 50
66 54
66 58
66 62
71 35
71 39
71 43
71 47
71 51
71 55
71 59
71 63
79 35
79 39
79 43
79 47
79 51
79 55
79 59
79 63
65 33
65 37
65 41
65 45
65 49
65 53
65 57
65 61
80 36
80 40
80 44
80 48
80 52
80 56
80 60
80 64
77 33
77 37
77 41
77 45
77 49
77 53
77 57
77 61
78 34
78 38
78 42
78 46
78 50
78 54
78 58
78 62
74 34
74 38
74 42
74 46
74 50
74 54
74 58
74 62
67 35
67 39
67 43
67 47
67 51
67 55
67 59
67 63
73 33
73 37
73 41
73 45
73 49
73 53
73 57
73 61
72 36
72 40
72 44
72 48
72 52
72 56
72 60
72 64
76 36
76 40
76 44
76 48
76 52
76 56
76 60
76 64
75 35
75 39
75 43
75 47
75 51
75 55
75 59
75 63
69 33
69 37
69 41
69 45
69 49
69 53
69 57
69 61
68 36
68 40
68 44
68 48
68 52
68 56
68 60
68 64
70 34
70 38
70 42
70 46
70 50
70 54
70 58
70 62
