104

1 2
1 3
4 5
4 6
4 7
5 4
8 9
10 11
12 13
14 15
16 17
18 6
19 2
19 3
20 21
22 21
23 17
24 25
26 6
27 21
28 21
29 30
29 31
29 32
29 33
29 34
29 35
36 6
37 30
37 34
38 6
39 40
39 41
39 42
39 43
39 44
39 17
39 45
39 33
42 40
42 41
42 39
42 43
42 44
42 17
42 33
42 45
46 6
47 6
48 6
49 50
49 51
49 52
49 2
49 53
54 21
55 21
56 57
56 58
56 43
56 59
57 56
57 17
57 35
13 60
13 12
13 61
62 21
63 17
64 21
65 11
66 17
67 6
68 6
69 43
70 51
70 25
35 57
35 34
35 29
60 71
60 9
60 13
60 11
60 61
60 72
31 29
31 34
73 51
73 25
45 41
45 51
45 40
45 39
45 42
45 44
45 33
45 74
75 50
75 76
77 3
34 37
34 30
34 31
34 32
34 51
34 29
34 35
3 1
3 78
3 79
3 80
3 81
3 82
3 50
3 19
3 77
78 2
78 3
83 43
84 21
85 33
86 7
87 17
2 1
2 78
2 79
2 80
2 49
2 81
2 82
2 19
53 50
53 49
88 21
21 84
21 54
21 55
21 25
21 88
21 62
21 20
21 64
21 51
21 22
21 89
21 28
21 27
21 90
21 91
21 92
21 93
21 94
51 21
51 95
51 49
51 70
51 25
51 73
51 45
51 34
95 51
96 6
58 56
7 4
7 86
7 97
7 61
11 65
11 60
11 10
11 98
11 61
98 11
81 2
81 3
61 60
61 71
61 9
61 7
61 13
61 99
61 11
72 60
72 100
72 33
72 99
72 101
50 25
50 52
50 49
50 75
50 3
50 53
32 34
32 29
91 21
71 60
71 61
9 60
9 8
9 61
43 56
43 39
43 83
43 42
43 69
43 33
6 4
6 47
6 46
6 48
6 67
6 68
6 96
6 26
6 36
6 38
6 18
6 99
52 50
52 49
92 21
17 102
17 63
17 66
17 23
17 87
17 16
17 57
17 39
17 42
17 33
15 99
15 14
93 21
33 41
33 103
33 85
33 29
33 72
33 40
33 39
33 42
33 43
33 44
33 17
33 45
33 74
99 100
99 6
99 15
99 101
99 61
99 72
99 74
94 21
104 90
41 39
41 42
41 33
41 45
79 2
79 3
80 2
80 3
82 2
82 3
25 50
25 21
25 51
25 73
25 24
25 70
25 74
76 75
102 17
103 33
59 56
89 21
40 39
40 42
40 33
40 45
90 21
90 104
30 37
30 29
30 34
100 99
100 72
44 39
44 42
44 33
44 45
97 7
101 99
101 72
74 25
74 33
74 99
74 45
