1 1 66.89708165950499 3
1 2 174.76212986560716 1
2 1 172.93455156150918 10
2 2 268.2696423518637 6 9
3 1 174.76212986560716 1
3 2 126.44568965590037 3 4
3 3 0.0
4 1 268.2696423518637 6 9
4 2 157.69952845342135 2
4 3 172.93455156150918 10
5 1 66.89708165950499 3
5 2 349.75853185371494 9 1
5 3 0.0
6 1 172.93455156150918 10
6 2 270.0258342605622 8 6
6 3 174.99640198810778 9
7 1 0.0
7 2 93.27324036375595 6
7 3 59.54860799639538 4
7 4 337.16198657237936 2 7 3
8 1 234.31073786200255 4 1
8 2 332.69593044152913 2 9
8 3 172.93455156150918 10
8 4 0.0
9 1 66.89708165950499 3
9 2 0.0
9 3 526.5111257505212 8 9 1
9 4 253.32430298253445 6 5
10 1 174.99640198810778 9
10 2 349.6871454583154 8 10
10 3 0.0
10 4 0.0
11 1 112.56537645945303 7
12 1 93.27324036375595 6
13 1 174.76212986560716 1
14 1 392.2445384379245 2 4 9
15 1 160.0510626187785 5
16 1 66.89708165950499 3
17 1 349.6871454583154 8 10
18 1 0.0
