[-8, 7, 4, 2, 6, 9, -4] : 51,3750
[-8, 7, 3, 1, 5, 9, -3] : 61,3750
[-8, 7, 4, 2, 6, 10, -2] : 71,3750
[-8, 7, 4, 2, 6, 10, -1] : 81,3750
[-7, 7, 4, 8, -5] : 42,5000
[-7, 7, 3, 1, 5, 9, -4] : 52,5000
[-7, 7, 3, 1, 5, 9, -3] : 62,5000
[-7, 7, 4, 2, 6, 10, -2] : 72,5000
[-6, 8, -5] : 43,2500
[-6, 8, 3, 1, 5, 9, -4] : 53,2500
[-6, 8, 3, 1, 5, 10, -2] : 73,2500
[-6, 8, 3, 1, 5, 10, -1] : 83,2500
[-5, 8, 3, 7, -8] : 14,5000
[-5, 8, 3, 7, -7] : 24,5000
[-5, 8, -6] : 34,5000
[-5, 8, 3, 1, 5, 9, -3] : 64,5000
[-5, 8, 3, 1, 5, 10, -2] : 74,5000
[-1, 10, 5, 1, 3, 7, -8] : 15,5000
[-1, 10, 5, 1, 3, 7, -7] : 25,5000
[-1, 10, 5, 1, 3, 8, -6] : 35,5000
[-1, 10, 5, 1, 3, 8, -5] : 45,5000
[-1, 10, -2] : 75,5000
[-2, 10, 5, 1, 3, 7, -8] : 16,2500
[-2, 10, 5, 1, 3, 8, -6] : 36,2500
[-2, 10, 5, 1, 3, 8, -5] : 46,2500
[-2, 10, 5, 9, -4] : 56,2500
[-3, 9, 6, 2, 4, 7, -7] : 27,2500
[-3, 9, 6, 2, 4, 8, -6] : 37,2500
[-3, 9, 6, 2, 4, 8, -5] : 47,2500
[-3, 9, -4] : 57,2500
[-3, 9, 5, 10, -2] : 77,2500
[-4, 9, 6, 2, 4, 7, -8] : 18,5000
[-4, 9, 6, 2, 4, 8, -6] : 38,5000
[-4, 9, 6, 2, 4, 8, -5] : 48,5000
[-4, 9, -3] : 68,5000
